14
-8 1 -1 -14 1 22 1 18.2 -1 0 0 0 0 0
13.7 0 16 0 0 0 17 -1 0 6.9 12 1 1 4
-1 1 1 1 1 4 1 1 0 1 1 18 1 8
14 20 1 1 22 -1 0 0 -1 -1 6 1 -1 12
8 -22 0 18 1 -18 -8 1 0 1 2.2 0 1 -1
11.5 8 12 -1 0 14 1 -1 -1 24 1 6 0 0
26 12 22 12 0 0 8 4 0 1 14 4 9.8 1
12 -11 0 6 1 5.3 -8 2 -1 7 15 8 0 1
8 0 1 1 -1 15 4 1 0 9 0 2 -13 -1
0 1 -12 1 -16 6 0 -6 0 23.6 1 4 1 6
-1 0 8.4 18 -16 1 16 4 -1 8 0 0 -8 1
15.1 12 18 1 22 10 0 0 0 -4 0 1 18 -19
12 0 4 -16 12 6 1 -1 -1 1 6 0 -22 18
0 0 -8 18 -16 1 16 4 -1 -8.7 0 0 8 -1
29.53 15 27 11.8 41 18 25 10.12 29 81.8 20.1 16 61 23.46
10000
0.000000001
